zmean,alpha,kb,b0,D_ell_2033,D_ell_4093,D_ell_6153,D_ell_8213,D_ell_10273
7.145,0.5464,1.619,0.1207,0.4526,0.3702,0.2622,0.2078,0.2082
8.758,0.577,1.412,0.2821,1.079,0.952,0.7054,0.5631,0.5346
8.668,0.3486,1.273,0.5887,1.879,1.764,1.394,1.163,1.146
7.503,0.7791,1.751,0.3053,0.8977,0.7755,0.5922,0.4785,0.4775
8.807,0.6665,1.707,0.1952,1.11,0.9303,0.6573,0.5235,0.493
8.05,0.1384,0.7986,0.6291,1.754,1.756,1.439,1.237,1.26
8.122,0.1484,1.658,0.1858,0.7707,0.7284,0.5407,0.4428,0.436
7.986,0.447,0.3632,0.3724,1.112,0.8977,0.6342,0.5095,0.4983
8.599,0.2851,0.7962,0.1414,0.7112,0.6061,0.4195,0.3226,0.3103
8.466,0.8396,0.217,0.6746,1.317,0.8805,0.5604,0.4108,0.3827
8.11,0.5558,0.9075,0.6629,2.038,1.776,1.309,1.077,1.054
8.18,0.3436,1.959,0.3281,1.281,1.18,0.9046,0.7495,0.7465
7.446,0.1746,0.8421,0.7935,1.962,1.948,1.646,1.439,1.462
8.798,0.5073,0.3506,0.5434,1.8,1.412,0.9832,0.7631,0.7258
7.265,0.1707,1.093,0.4274,1.383,1.301,1.01,0.8674,0.8923
8.69,0.133,1.711,0.1512,0.9224,0.8059,0.6004,0.4833,0.4669
7.412,0.6027,0.2307,0.2703,0.6668,0.4882,0.3261,0.2485,0.2425
7.173,0.189,1.923,0.3601,1.102,1.071,0.8504,0.7232,0.7529
8.396,0.8438,1.792,0.1279,0.6809,0.5599,0.3761,0.2801,0.262
8.732,0.3109,1.993,0.1676,0.7889,0.7014,0.5198,0.4145,0.3972
8.097,0.5102,1.086,0.377,1.257,1.146,0.8411,0.689,0.6684
7.351,0.2222,1.816,0.5876,1.511,1.492,1.225,1.077,1.11
7.165,0.1265,1.88,0.5602,1.419,1.397,1.198,1.036,1.072
7.29,0.3117,0.3258,0.1726,0.5795,0.4774,0.3388,0.2681,0.2669
7.858,0.2244,0.6071,0.1538,0.6273,0.5285,0.3844,0.3155,0.3085
7.26,0.2459,0.641,0.6924,1.606,1.541,1.252,1.082,1.099
8.294,0.7755,1.118,0.6256,1.862,1.627,1.171,0.9451,0.9133
8.229,0.7478,1.418,0.1995,0.9396,0.756,0.5258,0.4018,0.383
8.904,0.6957,0.2478,0.1765,0.7775,0.581,0.3638,0.2564,0.2297
8.833,0.2585,0.1405,0.4811,1.235,1.097,0.8157,0.6696,0.6501
8.65,0.8752,1.722,0.2254,0.8918,0.759,0.5315,0.4075,0.3906
8.93,0.6416,1.071,0.7887,2.39,2.171,1.633,1.331,1.299
7.773,0.7697,1.089,0.5841,1.507,1.305,0.9599,0.7853,0.7662
7.315,0.79,1.394,0.4384,1.101,0.9448,0.6948,0.5665,0.5665
8.538,0.794,0.2551,0.701,1.608,1.073,0.6891,0.5163,0.4768
8.703,0.8975,0.7724,0.5554,1.715,1.326,0.8997,0.6946,0.6506
8.438,0.6847,1.732,0.4215,1.47,1.286,0.9651,0.7702,0.7507
7.363,0.3346,0.9692,0.2583,0.7593,0.7012,0.5257,0.4454,0.4438
8.451,0.1725,0.4606,0.3731,1.266,1.159,0.8863,0.7423,0.7352
8.542,0.1957,1.382,0.1773,0.8149,0.755,0.5696,0.4473,0.4481
8.744,0.6599,0.493,0.7914,2.084,1.631,1.163,0.9214,0.8869
8.905,0.2253,1.144,0.779,2.543,2.461,2.006,1.684,1.684
8.207,0.2856,1.214,0.7689,1.977,1.972,1.618,1.378,1.378
7.641,0.8963,1.069,0.6539,1.839,1.454,1.047,0.8302,0.8132
8.045,0.8812,0.926,0.7064,1.861,1.43,1.02,0.8217,0.7858
7.347,0.4772,1.172,0.2114,0.6873,0.5852,0.4211,0.3451,0.3384
7.38,0.6245,0.724,0.407,1.105,0.9041,0.6441,0.5203,0.5215
7.512,0.536,1.888,0.2302,0.7885,0.7089,0.5178,0.4282,0.4255
7.875,0.1123,1.499,0.7172,2.028,2.068,1.738,1.526,1.541
7.49,0.3772,1.928,0.3209,1.038,0.9342,0.7197,0.6104,0.616
7.924,0.8302,1.717,0.5447,1.519,1.361,1.006,0.8269,0.8021
7.789,0.6608,0.952,0.3832,1.102,0.8971,0.639,0.5112,0.5032
7.622,0.5541,0.9414,0.7786,2.003,1.775,1.372,1.136,1.126
8.258,0.3896,0.2665,0.4306,1.291,1.049,0.7597,0.6061,0.5845
7.709,0.5244,1.759,0.7503,1.978,1.828,1.46,1.234,1.25
8.804,0.8998,1.046,0.5422,2.042,1.539,1.096,0.8451,0.7902
7.15,0.3603,0.4643,0.2505,0.7464,0.6026,0.4552,0.3702,0.3699
8.671,0.6584,0.3826,0.2075,0.809,0.5961,0.399,0.2904,0.2659
7.081,0.6797,1.143,0.2281,0.6387,0.5264,0.3807,0.3047,0.3078
8.832,0.659,1.886,0.2172,0.9371,0.8242,0.5891,0.4684,0.445
8.403,0.7611,0.8681,0.5519,1.578,1.282,0.9034,0.722,0.6898
8.928,0.2199,1.554,0.6151,1.92,1.895,1.56,1.327,1.334
8.423,0.7895,0.3142,0.5348,1.304,0.934,0.6193,0.4671,0.4299
7.062,0.8252,0.4196,0.6077,1.193,0.8541,0.5751,0.4512,0.4472
8.506,0.8056,1.467,0.5506,1.781,1.568,1.197,0.9512,0.9103
8.281,0.1021,0.8868,0.7986,2.385,2.328,1.954,1.694,1.696
8.845,0.7432,0.7507,0.5219,1.829,1.475,1.018,0.7752,0.7371
7.626,0.5783,1.169,0.1141,0.5288,0.4368,0.293,0.224,0.216
7.271,0.8118,0.3287,0.1809,0.4066,0.287,0.1847,0.1355,0.129
7.677,0.303,1.138,0.6102,1.618,1.53,1.245,1.064,1.056
8.417,0.2759,0.723,0.5113,1.546,1.438,1.088,0.918,0.9039
7.308,0.5963,1.422,0.7726,1.775,1.651,1.297,1.121,1.103
7.556,0.5915,0.9812,0.2008,0.6512,0.527,0.3736,0.2963,0.287
7.757,0.6338,0.6314,0.512,1.38,1.104,0.7886,0.6342,0.6252
7.691,0.1785,0.547,0.7888,1.76,1.783,1.471,1.281,1.309
8.94,0.7101,1.973,0.6976,2.204,2.045,1.565,1.303,1.249
8.871,0.8246,1.343,0.688,2.22,1.953,1.436,1.142,1.089
7.919,0.8121,1.6,0.4629,1.286,1.132,0.8244,0.667,0.6563
7.966,0.8134,1.119,0.1457,0.6005,0.4743,0.3122,0.2337,0.2202
7.79,0.5362,1.03,0.7237,1.983,1.759,1.356,1.129,1.121
8.304,0.4218,1.99,0.7365,2.299,2.167,1.709,1.458,1.447
7.425,0.3975,0.9548,0.3644,1.053,0.9257,0.7035,0.5794,0.5835
7.983,0.7652,0.2209,0.3032,0.7507,0.5223,0.3331,0.2362,0.2238
7.852,0.4809,1.867,0.3935,1.315,1.181,0.9114,0.7624,0.7584
7.653,0.2412,1.294,0.7494,2.018,1.979,1.642,1.401,1.43
8.44,0.7023,0.988,0.3919,1.324,1.111,0.7866,0.6164,0.5848
7.466,0.7706,1.088,0.7899,1.913,1.586,1.187,0.989,0.9644
7.415,0.7985,0.9756,0.1804,0.6126,0.4722,0.3163,0.2438,0.237
7.088,0.4181,0.7122,0.3143,0.8937,0.743,0.5633,0.4559,0.4599
8.755,0.1823,1.09,0.157,0.8593,0.7394,0.5169,0.4084,0.386
8.298,0.6009,1.187,0.5025,1.513,1.322,1.025,0.832,0.8162
7.242,0.3285,1.043,0.732,1.968,1.817,1.446,1.269,1.289
8.626,0.7314,1.198,0.5311,1.639,1.418,1.042,0.8346,0.814
7.375,0.6262,0.838,0.5209,1.473,1.17,0.8557,0.6905,0.6937
7.739,0.1685,0.6767,0.6731,1.854,1.794,1.453,1.272,1.279
7.192,0.886,0.165,0.7939,1.19,0.6877,0.4362,0.3251,0.3122
8.858,0.4324,1.864,0.1475,0.8583,0.7237,0.5213,0.4033,0.3832
8.686,0.6295,0.9585,0.5947,1.91,1.616,1.169,0.9508,0.8999
7.041,0.3958,1.936,0.7025,1.504,1.472,1.212,1.058,1.081
8.727,0.8055,1.439,0.5476,1.769,1.559,1.151,0.9209,0.8892
8.682,0.4434,1.29,0.7838,2.512,2.341,1.855,1.556,1.491
8.321,0.1178,0.7252,0.101,0.5793,0.5232,0.3695,0.2906,0.2823
7.226,0.5863,0.653,0.1904,0.5538,0.444,0.317,0.2485,0.2456
7.379,0.5613,0.3895,0.3018,0.7073,0.5683,0.3876,0.3113,0.3047
7.837,0.3567,1.603,0.7084,1.986,1.921,1.539,1.321,1.331
8.732,0.7626,1.302,0.5286,2.182,1.834,1.335,1.062,1.005
7.318,0.2679,1.876,0.224,0.6302,0.608,0.472,0.3899,0.4012
7.06,0.7573,0.5737,0.7214,1.453,1.118,0.787,0.6242,0.6353
7.948,0.4035,0.1847,0.3884,0.9729,0.7762,0.5398,0.4281,0.4168
7.3,0.8385,0.7526,0.6001,1.391,1.076,0.7557,0.6028,0.5918
8.881,0.6919,0.3598,0.5985,1.881,1.357,0.9192,0.7022,0.6587
7.113,0.8404,0.4159,0.3118,0.6935,0.4898,0.3232,0.2456,0.2387
8.282,0.6658,1.579,0.5899,1.665,1.521,1.174,0.9758,0.9559
7.629,0.4392,0.5357,0.3111,0.9408,0.8006,0.5828,0.4745,0.4676
7.948,0.1214,1.186,0.6469,1.776,1.776,1.521,1.328,1.354
7.9,0.4423,1.863,0.6609,2,1.805,1.447,1.213,1.207
7.845,0.176,0.4776,0.2178,0.7762,0.7021,0.5242,0.4315,0.4277
7.824,0.6076,1.611,0.3495,1.15,1.003,0.757,0.6065,0.6005
8.505,0.4244,0.1894,0.7968,1.791,1.439,1.053,0.8414,0.8258
7.478,0.2033,0.4482,0.248,0.8158,0.7141,0.5479,0.458,0.4579
7.186,0.3512,1.546,0.7845,1.795,1.731,1.441,1.256,1.27
8.984,0.8203,0.7556,0.3892,1.433,1.117,0.7641,0.5712,0.5258
8.678,0.3069,0.3024,0.325,1.036,0.9024,0.6546,0.5246,0.4969
8.975,0.4781,0.5284,0.7386,2.083,1.816,1.324,1.084,1.048
8.906,0.818,0.3096,0.7773,2.087,1.398,0.9176,0.6815,0.6374
7.711,0.3539,1.639,0.4785,1.494,1.422,1.125,0.9247,0.9331
8.224,0.515,1.84,0.4761,1.642,1.516,1.15,0.9566,0.9308
8.074,0.4617,0.3654,0.4048,1.161,0.9293,0.6519,0.5213,0.501
7.864,0.7213,1.034,0.7506,1.948,1.676,1.246,1.014,0.9927
8.576,0.4874,1.18,0.5041,1.713,1.511,1.144,0.9331,0.9016
7.364,0.2076,0.4847,0.365,1.094,0.9771,0.7609,0.6278,0.6383
8.647,0.3159,1.11,0.2739,1.154,1.047,0.7796,0.6362,0.6166
8.533,0.8209,1.064,0.748,2.383,1.928,1.416,1.136,1.082
7.614,0.5897,1.148,0.4887,1.388,1.209,0.9027,0.7522,0.7507
8.493,0.2301,0.5544,0.2232,0.9208,0.8571,0.6366,0.5145,0.5024
7.031,0.1298,1.898,0.4074,1.044,1.003,0.8374,0.7286,0.7556
8.843,0.281,1.282,0.2199,0.9948,0.9144,0.6771,0.5374,0.5164
7.324,0.899,0.5643,0.7431,1.696,1.226,0.8311,0.6533,0.6365
7.588,0.7488,1.1,0.7575,1.835,1.579,1.184,0.9772,0.9614
7.541,0.5172,1.005,0.1261,0.4561,0.3827,0.2631,0.202,0.1966
7.182,0.8363,1.771,0.7973,2.034,1.763,1.385,1.134,1.132
8.095,0.4971,1.674,0.3187,1.02,0.9339,0.7155,0.5715,0.5716
8.461,0.8635,1.296,0.3911,1.253,1.053,0.749,0.5851,0.5591
7.704,0.6367,0.3773,0.16,0.5022,0.3898,0.2522,0.1879,0.1776
7.763,0.3642,1.66,0.4225,1.226,1.183,0.934,0.8005,0.7975
7.188,0.1574,1.154,0.4446,1.135,1.135,0.9398,0.8001,0.818
7.803,0.5546,0.5096,0.539,1.481,1.187,0.8485,0.6713,0.6481
7.697,0.4758,0.5047,0.2078,0.8007,0.6549,0.4539,0.3532,0.3457
8.602,0.5139,0.2031,0.4894,1.164,0.9274,0.6408,0.4878,0.4713
7.723,0.898,0.256,0.3552,0.7794,0.4994,0.3131,0.2311,0.215
8.331,0.6379,1.235,0.5915,1.971,1.691,1.262,1.031,1.005
8.61,0.7659,1.712,0.757,2.223,2.018,1.55,1.277,1.209
8.708,0.2257,1.885,0.304,1.114,1.068,0.8286,0.6913,0.6823
7.32,0.4593,0.479,0.469,1.294,1.057,0.7635,0.6296,0.6255
7.514,0.6877,0.4752,0.6412,1.448,1.085,0.7697,0.6107,0.5998
8.746,0.3456,0.4382,0.4109,1.324,1.163,0.8567,0.7008,0.6802
7.512,0.7253,1.787,0.7603,1.962,1.781,1.376,1.137,1.154
7.575,0.8262,0.129,0.3394,0.6425,0.4088,0.2474,0.1787,0.1644
8.763,0.2132,1.428,0.1099,0.6183,0.5747,0.4058,0.316,0.3001
8.655,0.5587,1.714,0.6024,1.939,1.772,1.393,1.132,1.126
7.106,0.403,1.141,0.6454,1.512,1.395,1.111,0.9652,0.975
7.807,0.8108,0.1122,0.6382,0.9266,0.5789,0.3513,0.2611,0.2451
8.055,0.1939,1.278,0.7637,2.226,2.132,1.804,1.544,1.548
8.793,0.5296,1.942,0.1689,0.8438,0.7371,0.536,0.4129,0.388
8.823,0.3883,1.821,0.3797,1.455,1.358,1.05,0.8605,0.8291
8.946,0.5636,1.968,0.4853,1.634,1.553,1.206,1.002,0.9562
7.564,0.1595,1.516,0.5625,1.689,1.641,1.353,1.171,1.201
7.49,0.2235,1.133,0.5928,1.598,1.494,1.229,1.061,1.09
7.361,0.1719,1.981,0.4125,1.305,1.229,1.008,0.8534,0.8803
8.028,0.7639,1.128,0.4902,1.471,1.243,0.9095,0.7224,0.7108
8.784,0.3228,0.8729,0.3828,1.19,1.146,0.871,0.7153,0.7094
7.681,0.5849,0.8226,0.5367,1.577,1.322,0.9567,0.774,0.7598
7.868,0.8588,0.9972,0.2289,0.7421,0.597,0.4009,0.3095,0.299
8.141,0.1047,0.8024,0.7059,2.061,2.009,1.643,1.438,1.461
8.41,0.5025,0.8808,0.6607,1.955,1.719,1.319,1.087,1.055
8.738,0.7289,1.098,0.5719,2.004,1.714,1.241,1.009,0.9479
8.741,0.6467,0.3116,0.6064,1.734,1.269,0.8529,0.6543,0.6168
7.423,0.1585,0.6696,0.5561,1.331,1.304,1.084,0.9424,0.9612
7.45,0.5837,0.6347,0.5484,1.497,1.221,0.8897,0.7237,0.7103
7.232,0.5989,0.8276,0.4228,1.068,0.8902,0.6538,0.5313,0.5276
7.956,0.4615,1.532,0.1428,0.825,0.684,0.4808,0.3794,0.3654
7.656,0.1079,0.1342,0.5073,1.362,1.262,1.02,0.8752,0.8863
8.943,0.5574,0.6868,0.6058,2.12,1.74,1.287,1.021,0.9853
7.648,0.1048,0.5443,0.5831,1.799,1.728,1.41,1.232,1.25
7.794,0.5084,1.016,0.2374,0.7491,0.6754,0.4779,0.3838,0.3794
7.705,0.7863,1.323,0.4454,1.228,1.074,0.7747,0.6271,0.618
7.119,0.7411,0.414,0.3691,0.883,0.6374,0.4263,0.3317,0.3276
8.016,0.374,1.58,0.4089,1.355,1.254,0.9685,0.8201,0.8051
7.305,0.8157,1.594,0.1177,0.5244,0.4052,0.2809,0.2141,0.2075
7.93,0.8085,1.944,0.7825,2.129,1.911,1.486,1.221,1.217
8.072,0.4511,1.468,0.3663,1.195,1.074,0.8184,0.6757,0.67
7.72,0.7186,0.6779,0.3047,0.9791,0.7568,0.5142,0.3981,0.3906
8.008,0.6135,1.252,0.4594,1.405,1.199,0.8948,0.7302,0.7212
7.644,0.2336,1.565,0.6955,1.829,1.774,1.479,1.293,1.291
7.194,0.8738,1.056,0.4836,1.183,0.979,0.6983,0.557,0.5537
8.753,0.5166,0.3341,0.6616,1.72,1.404,1.011,0.7976,0.7569
7.687,0.4502,0.7774,0.2531,0.7491,0.6485,0.4736,0.3787,0.375
8.288,0.2737,0.6461,0.6688,1.826,1.728,1.391,1.178,1.167
8.529,0.3008,1.805,0.5785,1.834,1.792,1.418,1.228,1.207
8.089,0.8701,0.3574,0.4663,1.161,0.8216,0.5329,0.3886,0.3692
7.601,0.691,1.149,0.124,0.5089,0.4252,0.2881,0.2222,0.214
7.123,0.2638,0.3682,0.7347,1.572,1.457,1.151,0.9804,0.9993
8.041,0.3665,1.26,0.4008,1.299,1.175,0.9143,0.7663,0.7558
7.907,0.1859,0.933,0.4022,1.393,1.28,1.014,0.8514,0.866
8.517,0.8321,0.2449,0.4996,1.208,0.823,0.5173,0.3798,0.3469
7.608,0.1796,0.8972,0.7545,1.975,1.931,1.619,1.415,1.455
8.018,0.1425,1.949,0.1031,0.5204,0.4626,0.3291,0.2571,0.2489
7.007,0.239,0.2083,0.2839,0.8469,0.7076,0.5146,0.4288,0.434
8.119,0.1014,1.225,0.6582,1.889,1.886,1.593,1.401,1.416
7.393,0.6939,1.334,0.5567,1.509,1.342,1.001,0.8264,0.8235
7.339,0.7235,1.578,0.3352,1.097,0.9007,0.6554,0.5259,0.5261
8.393,0.8311,0.9485,0.1333,0.6455,0.5291,0.3353,0.247,0.225
8.914,0.4569,1.199,0.1607,0.799,0.6835,0.4826,0.3785,0.3555
8.16,0.4101,1.912,0.308,1.204,1.076,0.8136,0.6621,0.6621
7.158,0.3447,0.4984,0.3482,0.8615,0.7536,0.5626,0.4692,0.4738
7.905,0.4414,1.585,0.1787,0.715,0.6235,0.4465,0.3589,0.3456
8.838,0.7159,1.79,0.7377,2.351,2.137,1.639,1.343,1.312
8.202,0.6989,0.6515,0.7398,1.981,1.629,1.175,0.9392,0.91
8.497,0.6499,0.6648,0.7249,2.215,1.769,1.293,1.02,0.9817
8.414,0.8886,0.7688,0.2895,1.066,0.7898,0.5185,0.3882,0.3611
8.387,0.402,0.9158,0.6505,1.941,1.781,1.373,1.15,1.122
7.889,0.3685,1.52,0.1841,0.8426,0.7316,0.5072,0.4082,0.3974
8.146,0.4012,0.7932,0.765,2.203,1.968,1.519,1.294,1.262
8.806,0.8799,1.671,0.2344,1.007,0.8557,0.5928,0.4396,0.413
8.464,0.8819,1.867,0.2854,1.121,0.9083,0.6415,0.504,0.4822
7.409,0.6723,1.962,0.4582,1.151,1.065,0.8249,0.6857,0.6914
7.04,0.4197,0.7941,0.1423,0.4577,0.3922,0.2742,0.2206,0.2207
7.566,0.4531,0.5056,0.4541,1.313,1.047,0.7721,0.629,0.6268
8.939,0.2155,1.842,0.4262,1.502,1.468,1.183,0.991,0.984
8.373,0.2698,1.306,0.5015,1.588,1.557,1.214,1.046,1.038
8.781,0.7367,1.53,0.6135,1.754,1.598,1.225,0.9886,0.9494
7.993,0.1762,0.4128,0.7054,2.017,1.861,1.521,1.295,1.318
7.77,0.6515,1.984,0.7294,1.98,1.792,1.402,1.178,1.167
7.358,0.4142,1.61,0.6271,1.821,1.693,1.324,1.15,1.159
8.021,0.2102,1.827,0.5584,1.742,1.689,1.366,1.187,1.17
8.358,0.6042,1.152,0.4879,1.472,1.322,0.9934,0.8133,0.7896
8.58,0.7931,0.9638,0.7372,2.159,1.754,1.27,1.022,0.9706
7.48,0.2766,0.4589,0.4192,1.257,1.093,0.8218,0.6804,0.6889
8.839,0.7106,1.201,0.7829,2.533,2.255,1.7,1.383,1.338
8.118,0.8716,0.4182,0.5093,1.406,0.9643,0.6415,0.4803,0.4522
7.82,0.4838,0.3881,0.3343,0.9652,0.7575,0.5312,0.4153,0.4055
7.505,0.5821,0.9763,0.5176,1.34,1.166,0.8739,0.714,0.715
8.639,0.8464,0.7678,0.2686,0.8549,0.7206,0.4745,0.3519,0.3343
7.038,0.2972,0.6938,0.4423,1.251,1.123,0.8822,0.7495,0.7636
8.246,0.4338,0.9187,0.5344,1.831,1.594,1.211,0.9988,0.9774
8.936,0.4489,1.526,0.6667,2.256,2.129,1.71,1.396,1.352
7.198,0.8766,1.124,0.6661,1.55,1.27,0.919,0.7486,0.7446
8.849,0.6476,1.023,0.4295,1.719,1.417,1.013,0.8112,0.7636
8.565,0.731,1.508,0.5701,1.725,1.514,1.134,0.932,0.9018
8.01,0.7026,0.6563,0.3869,1.245,0.9196,0.6333,0.4976,0.4811
8.173,0.7802,1.136,0.3686,1.201,1.011,0.7027,0.5408,0.5197
7.4,0.1172,1.05,0.2767,0.8792,0.809,0.6415,0.5481,0.5512
8.499,0.263,0.8532,0.7846,2.215,2.136,1.703,1.468,1.446
8.634,0.339,0.9964,0.1046,0.6404,0.5275,0.3582,0.2694,0.2487
7.598,0.324,1.206,0.5789,1.623,1.555,1.219,1.039,1.057
8.426,0.2136,1.237,0.7711,2.469,2.323,1.902,1.659,1.622
8.26,0.4299,1.756,0.6028,1.78,1.702,1.343,1.157,1.152
8.428,0.5617,1.337,0.5471,1.745,1.579,1.187,0.9723,0.9351
7.521,0.3556,1.948,0.1616,0.5949,0.5284,0.3952,0.3221,0.3251
8.575,0.2092,1.568,0.3742,1.413,1.289,1.035,0.8556,0.8533
7.696,0.865,1.893,0.3637,1.23,1.054,0.7687,0.6166,0.5996
8.171,0.2561,0.9289,0.6709,1.887,1.845,1.474,1.25,1.246
7.386,0.6507,1.913,0.5775,1.445,1.341,1.045,0.8878,0.8966
7.216,0.7397,0.5894,0.1729,0.4909,0.3781,0.2455,0.1878,0.1829
8.176,0.737,1.816,0.1371,0.6595,0.5404,0.3724,0.277,0.2606
7.51,0.3516,0.5857,0.4328,1.489,1.217,0.9223,0.758,0.7459
8.863,0.8028,1.677,0.2393,1.096,0.9079,0.6287,0.4851,0.452
7.766,0.4577,0.1554,0.4962,1.284,0.9149,0.6383,0.5,0.4796
8.857,0.7345,0.9562,0.6961,2.051,1.774,1.303,1.048,0.994
7.674,0.7001,1.779,0.7554,1.964,1.8,1.415,1.172,1.166
7.076,0.488,1.495,0.4249,1.24,1.089,0.8698,0.7233,0.7372
8.596,0.3038,1.514,0.227,0.9631,0.8596,0.6496,0.5266,0.5092
8.817,0.5049,0.6809,0.3786,1.413,1.182,0.833,0.6731,0.6354
7.745,0.4349,0.1713,0.5705,1.254,0.9846,0.6828,0.5421,0.5296
8.694,0.287,0.913,0.141,0.7919,0.6495,0.4593,0.3496,0.3304
7.325,0.4872,0.2535,0.7103,1.45,1.148,0.814,0.6677,0.6629
8.564,0.8673,0.3612,0.6845,1.57,1.123,0.7138,0.536,0.4996
8.735,0.2496,0.307,0.5,1.469,1.348,1.039,0.8744,0.8463
7.68,0.3,1.871,0.612,1.611,1.541,1.268,1.106,1.117
7.495,0.6676,1.955,0.6433,1.548,1.427,1.119,0.9495,0.9525
8.992,0.5129,1.183,0.2343,1.01,0.8942,0.6536,0.5152,0.4905
8.197,0.6277,1.125,0.4866,1.585,1.351,0.9885,0.8015,0.7743
7.547,0.2312,1.464,0.6891,1.998,1.897,1.55,1.327,1.356
7.125,0.272,0.9384,0.3786,1.019,0.921,0.7374,0.627,0.6471
8.136,0.4426,0.2489,0.708,1.895,1.511,1.09,0.8719,0.8423
7.044,0.392,1.27,0.1467,0.495,0.4301,0.3146,0.2536,0.2618
8.382,0.3054,1.907,0.3721,1.215,1.131,0.9145,0.7557,0.752
8.678,0.4605,0.861,0.4527,1.515,1.343,1.006,0.8118,0.7862
7.933,0.4186,0.9352,0.5387,1.467,1.311,1.016,0.8562,0.8478
7.87,0.3827,0.7734,0.6393,1.78,1.581,1.259,1.055,1.043
8.362,0.6085,1.812,0.7734,2.453,2.264,1.737,1.454,1.435
8.184,0.5678,0.9926,0.7443,2.012,1.781,1.363,1.139,1.116
7.534,0.7886,1.314,0.7138,1.854,1.578,1.175,0.942,0.9483
8.624,0.6621,0.9017,0.3994,1.787,1.407,1.012,0.7993,0.7456
7.647,0.3088,0.835,0.1041,0.4824,0.4294,0.2938,0.2303,0.2253
7.022,0.4565,0.1101,0.4238,0.7386,0.5485,0.379,0.2994,0.304
8.834,0.4269,0.119,0.2473,0.8179,0.6145,0.403,0.2942,0.2731
7.968,0.3424,1.967,0.4413,1.449,1.387,1.102,0.9303,0.9362
8.557,0.2801,1.593,0.7922,2.689,2.64,2.147,1.815,1.81
7.507,0.7511,1.433,0.2965,0.9321,0.7687,0.5669,0.4553,0.4515
8.52,0.6218,0.1372,0.3395,0.8942,0.6255,0.4054,0.2919,0.2743
7.921,0.596,0.109,0.7863,1.466,0.9719,0.6499,0.4929,0.4668
7.056,0.2351,1.448,0.2435,0.6767,0.6357,0.4961,0.4251,0.43
8.356,0.1064,0.6727,0.7956,2.212,2.223,1.873,1.642,1.656
8.874,0.8228,0.1824,0.5328,1.123,0.7536,0.4747,0.3466,0.3141
7.099,0.2358,1.726,0.2861,0.8228,0.7837,0.6105,0.529,0.539
7.21,0.1981,0.5463,0.3544,0.9316,0.8934,0.6954,0.5942,0.613
7.812,0.3659,0.6584,0.632,1.594,1.5,1.138,0.9524,0.9639
8.854,0.4654,1.673,0.7354,2.442,2.355,1.849,1.543,1.52
8.4,0.888,1.741,0.4649,1.755,1.48,1.092,0.8762,0.826
8.582,0.455,0.8861,0.1943,0.792,0.6967,0.4851,0.3839,0.3621
8.291,0.3841,1.229,0.4376,1.455,1.291,0.9981,0.8266,0.8162
8.349,0.5596,1.962,0.6387,1.757,1.668,1.317,1.1,1.085
8.073,0.3222,0.2065,0.6329,1.732,1.39,1.056,0.8577,0.8464
8.448,0.1555,0.8584,0.3702,1.268,1.193,0.9291,0.7799,0.7735
7.34,0.1648,1.686,0.1574,0.5706,0.5212,0.401,0.3326,0.3351
7.172,0.7594,1.329,0.4059,0.9868,0.8534,0.6291,0.5167,0.5152
8.126,0.1439,0.269,0.1897,0.7952,0.6881,0.5012,0.405,0.4003
7.891,0.2614,0.1859,0.2185,0.6784,0.5849,0.4102,0.3292,0.3185
7.888,0.3853,0.1685,0.6785,1.719,1.314,0.9465,0.7655,0.755
8.039,0.7733,0.82,0.4344,1.298,1.049,0.7333,0.5785,0.5534
7.953,0.6145,1.506,0.2657,0.9707,0.841,0.6071,0.4917,0.4826
8.413,0.4681,0.6151,0.4098,1.342,1.169,0.8499,0.6835,0.6618
7.859,0.7604,1.804,0.527,1.682,1.448,1.081,0.8795,0.8682
7.781,0.8826,1.279,0.2567,0.8674,0.7252,0.5029,0.3904,0.3754
7.372,0.3937,1.292,0.4081,1.271,1.113,0.8717,0.7272,0.729
8.854,0.2727,0.9023,0.7525,2.307,2.21,1.777,1.513,1.486
7.029,0.3397,1.357,0.6073,1.413,1.369,1.115,0.9555,0.9904
7.976,0.1113,0.2133,0.5589,1.58,1.472,1.182,1.024,1.024
8.091,0.1403,1.436,0.3957,1.428,1.378,1.115,0.9472,0.9483
8.667,0.2772,0.2718,0.3871,1.282,1.092,0.8217,0.671,0.6475
7.073,0.7462,1.629,0.3295,0.9471,0.7902,0.5909,0.4861,0.488
8.898,0.162,1.106,0.2145,1.003,0.911,0.6771,0.5499,0.5289
8.642,0.1542,0.1935,0.619,1.841,1.739,1.379,1.168,1.154
8.448,0.7439,1.9,0.7462,2.22,2.005,1.577,1.294,1.258
7.565,0.1368,0.8461,0.1188,0.5654,0.4781,0.3412,0.2715,0.2696
7.285,0.2894,1.466,0.6753,1.621,1.585,1.302,1.126,1.153
7.094,0.6801,1.679,0.4617,1.107,0.984,0.7694,0.6455,0.6525
7.206,0.6631,0.6486,0.264,0.9424,0.7054,0.4753,0.3723,0.3675
8.728,0.521,0.5837,0.243,1.03,0.8252,0.5694,0.4323,0.4123
8.001,0.788,1.54,0.1662,0.6765,0.5731,0.3995,0.305,0.2918
7.831,0.7582,1.63,0.6199,1.907,1.641,1.252,1.014,0.9947
8.89,0.2545,1.483,0.3563,1.289,1.225,0.9744,0.8089,0.7856
8.883,0.6859,1.286,0.5256,1.73,1.513,1.151,0.9236,0.8731
7.485,0.704,0.8392,0.2699,0.8444,0.6907,0.4871,0.3899,0.38
7.266,0.7961,1.735,0.4337,1.104,0.9505,0.701,0.5831,0.5777
8.662,0.2161,0.3461,0.6725,2.265,2.109,1.63,1.365,1.338
7.828,0.3173,0.8566,0.4122,1.182,1.069,0.8243,0.6924,0.6912
7.658,0.2536,1.37,0.1743,0.6774,0.6253,0.4784,0.3917,0.3931
8.825,0.6975,1.349,0.5339,1.71,1.536,1.146,0.9343,0.9097
8.268,0.8274,1.859,0.7779,2.19,1.989,1.485,1.255,1.198
7.897,0.8926,1.917,0.6524,1.742,1.575,1.237,1.004,0.989
8.004,0.7206,0.9988,0.197,0.7351,0.5941,0.4048,0.3088,0.301
8.265,0.1377,1.213,0.3952,1.428,1.348,1.076,0.93,0.92
8.205,0.8571,1.535,0.3815,1.308,1.107,0.7947,0.6155,0.6022
7.473,0.5377,1.504,0.393,1.062,0.9689,0.7359,0.6236,0.6248
7.042,0.8724,0.4551,0.313,0.7316,0.4991,0.3314,0.2515,0.2514
8.818,0.2954,1.001,0.3066,1.162,1.063,0.8249,0.6693,0.6585
8.264,0.4789,0.5621,0.1195,0.7835,0.5719,0.3744,0.278,0.2591
7.873,0.1803,0.4937,0.7596,1.913,1.849,1.507,1.296,1.323
7.428,0.5187,1.454,0.1714,0.5923,0.4994,0.3619,0.2909,0.2888
7.107,0.4402,0.7201,0.3576,0.9743,0.8403,0.6129,0.5078,0.5137
7.497,0.8837,0.7399,0.6586,1.46,1.167,0.8371,0.6638,0.6436
8.657,0.8612,0.9465,0.4754,1.549,1.255,0.8888,0.6863,0.6537
8.431,0.6892,1.101,0.3141,1.098,0.9075,0.6481,0.5205,0.5013
8.869,0.8671,0.4858,0.7682,2.156,1.578,1.06,0.8059,0.7504
7.992,0.5424,1.556,0.5804,1.674,1.492,1.178,0.9853,0.9931
7.737,0.4905,0.9198,0.7998,2.197,1.937,1.505,1.253,1.238
7.833,0.4238,0.1195,0.4953,1.081,0.8207,0.5787,0.4566,0.441
7.937,0.1868,0.8832,0.1174,0.5258,0.4837,0.3506,0.2789,0.273
8.76,0.5653,0.8828,0.428,1.463,1.255,0.9189,0.7326,0.7011
7.203,0.1003,0.8289,0.225,0.7497,0.6985,0.5401,0.4631,0.471
8.347,0.7195,1.281,0.4935,1.446,1.278,0.9427,0.7614,0.7366
7.018,0.5291,1.46,0.3332,0.9575,0.8496,0.6369,0.5245,0.5328
7.493,0.8899,0.6181,0.2649,0.7449,0.557,0.3724,0.2855,0.2694
7.262,0.6752,1.398,0.4776,1.234,1.078,0.8139,0.6741,0.676
7.85,0.3132,0.1502,0.4878,1.29,1.024,0.7619,0.6072,0.5958
7.912,0.7325,0.3164,0.2595,0.7516,0.5459,0.361,0.2661,0.2515
8.723,0.2622,1.157,0.5649,2.014,1.826,1.449,1.236,1.227
8.567,0.3679,1.065,0.3162,1.235,1.072,0.7851,0.655,0.6386
8.553,0.4286,1.573,0.2975,1.108,1.015,0.7561,0.6061,0.5931
8.069,0.5308,0.2142,0.6917,1.581,1.185,0.8241,0.6452,0.6308
7.181,0.8617,1.651,0.4642,1.45,1.167,0.8624,0.7061,0.6919
7.797,0.153,0.8002,0.1961,0.7534,0.6864,0.5243,0.4326,0.4412
7.67,0.2187,0.579,0.4135,1.249,1.125,0.8784,0.7306,0.7376
8.129,0.654,1.545,0.4145,1.414,1.216,0.9215,0.7474,0.7396
8.594,0.6268,0.1267,0.6559,1.356,0.9637,0.6367,0.4706,0.4396
7.761,0.5065,0.691,0.1493,0.597,0.465,0.3145,0.2438,0.2356
7.977,0.6233,1.621,0.2634,0.9715,0.8525,0.629,0.5045,0.4961
8.959,0.2327,1.974,0.4963,1.609,1.618,1.315,1.116,1.115
8.103,0.7333,0.4712,0.5127,1.34,1.015,0.6869,0.5333,0.5079
8.7,0.2365,0.813,0.5302,2.143,1.975,1.549,1.283,1.275
8.249,0.6778,0.4324,0.5748,1.753,1.305,0.8798,0.6789,0.6442
7.175,0.6457,0.5392,0.598,1.318,1.054,0.7572,0.6094,0.6081
8.998,0.3527,1.709,0.2807,1.033,0.981,0.7568,0.6244,0.6035
7.559,0.4472,0.5487,0.6018,1.581,1.328,1.003,0.8312,0.8215
8.335,0.3964,1.903,0.3428,1.238,1.172,0.8775,0.7343,0.7292
8.814,0.5567,1.946,0.3246,1.142,1.071,0.8027,0.6468,0.6235
7.474,0.4458,1.489,0.5762,1.671,1.503,1.183,1.003,1.003
7.551,0.8945,0.7083,0.3009,0.8198,0.6252,0.4124,0.3182,0.3076
7.618,0.4797,0.3079,0.2572,0.9135,0.6793,0.4568,0.3524,0.3403
8.22,0.4808,1.351,0.6765,1.933,1.797,1.403,1.171,1.157
7.633,0.4954,1.402,0.676,1.751,1.6,1.247,1.069,1.07
7.753,0.2481,1.75,0.6915,1.839,1.845,1.528,1.326,1.333
8.168,0.1458,0.1546,0.7276,1.821,1.731,1.382,1.184,1.203
8.477,0.2289,0.5713,0.573,1.98,1.826,1.407,1.189,1.183
8.534,0.597,1.33,0.6271,1.909,1.734,1.32,1.08,1.051
7.499,0.3264,1.222,0.7036,1.797,1.744,1.412,1.223,1.252
8.177,0.7336,1.742,0.4837,1.493,1.299,0.9966,0.8211,0.7891
7.458,0.8064,0.6216,0.5714,1.34,1.028,0.7201,0.5638,0.554
8.681,0.2376,1.333,0.3773,1.52,1.391,1.095,0.926,0.8993
8.258,0.251,0.8789,0.7487,2.147,2.008,1.654,1.401,1.395
7.56,0.1347,0.3006,0.7287,1.657,1.622,1.363,1.165,1.183
7.713,0.6357,0.9618,0.2924,0.8468,0.7073,0.5102,0.4069,0.3972
8.5,0.4129,1.529,0.108,0.643,0.5415,0.3676,0.281,0.2657
8.951,0.1158,1.543,0.3287,1.258,1.215,0.9795,0.8245,0.8132
7.996,0.3183,1.93,0.15,0.6176,0.5712,0.4185,0.3447,0.3415
7.334,0.6868,1.766,0.4655,1.228,1.118,0.8508,0.7034,0.7024
8.665,0.2439,1.919,0.7256,2.29,2.238,1.877,1.617,1.619
7.617,0.217,1.695,0.1506,0.6184,0.5455,0.4054,0.3333,0.3284
8.059,0.4083,0.551,0.4547,1.505,1.275,0.9486,0.7758,0.7531
8.827,0.6822,0.5346,0.7929,2.39,1.83,1.312,1.021,0.9823
8.872,0.4527,0.6189,0.2381,1.015,0.8561,0.6036,0.4706,0.4406
7.595,0.3867,1.69,0.2418,0.7788,0.7211,0.5487,0.4445,0.4473
7.195,0.6826,0.8904,0.1836,0.5388,0.4365,0.2996,0.234,0.2339
7.368,0.4353,1.758,0.3376,1.015,0.9171,0.7032,0.5879,0.6019
8.312,0.2281,1.272,0.518,1.533,1.466,1.216,1.052,1.055
7.557,0.7846,0.556,0.2214,0.6238,0.4691,0.3039,0.2287,0.2187
8.359,0.7423,1.095,0.5694,1.829,1.553,1.142,0.8933,0.8718
8.378,0.2215,1.81,0.1955,0.8067,0.7531,0.5757,0.474,0.4629
8.219,0.1675,0.7487,0.6157,1.875,1.825,1.506,1.29,1.263
8.486,0.8419,0.2914,0.7875,1.675,1.183,0.7646,0.5736,0.535
8.318,0.1256,0.2238,0.397,1.297,1.149,0.9018,0.7634,0.7609
8.964,0.7766,0.7477,0.7473,2.175,1.809,1.292,1.006,0.9574
7.246,0.5795,1.387,0.6166,1.616,1.43,1.096,0.9188,0.9214
8.093,0.2205,1.655,0.4038,1.405,1.309,1.037,0.8707,0.8859
7.356,0.6331,1.966,0.5641,1.457,1.328,1.011,0.8607,0.8695
7.91,0.4556,0.3752,0.3587,1.016,0.8332,0.5961,0.4732,0.4581
8.841,0.231,0.7344,0.3475,1.289,1.161,0.8933,0.7461,0.7231
7.151,0.3982,1.601,0.4747,1.143,1.089,0.8597,0.7335,0.7504
8.591,0.4453,1.489,0.7225,2.247,2.094,1.648,1.377,1.348
7.434,0.2914,0.9433,0.2522,0.7568,0.6776,0.5177,0.4336,0.4342
8.233,0.5533,0.3709,0.6257,1.757,1.344,0.9536,0.7484,0.7319
8.329,0.373,0.7001,0.3706,1.223,1.065,0.805,0.6593,0.6473
7.441,0.2924,1.071,0.3811,1.17,1.071,0.8273,0.7025,0.7084
7.11,0.1422,0.6107,0.4492,1.089,1.045,0.8379,0.7423,0.7689
8.569,0.8285,0.2979,0.4737,1.173,0.821,0.538,0.3977,0.3701
8.027,0.5316,1.953,0.3434,1.112,1.006,0.7799,0.6484,0.6345
8.275,0.6211,0.7656,0.4556,1.353,1.153,0.822,0.6558,0.6213
7.603,0.2789,0.9316,0.2558,0.7439,0.6914,0.5327,0.4444,0.4451
7.823,0.7355,1.583,0.204,0.7809,0.6471,0.4579,0.366,0.3564
8.307,0.5237,1.497,0.2224,0.9623,0.8499,0.6173,0.4991,0.4753
8.369,0.7817,1.65,0.4511,1.366,1.218,0.9093,0.7325,0.7111
7.177,0.6105,0.3204,0.6046,1.19,0.8881,0.6307,0.5097,0.5045
7.783,0.29,1.146,0.1246,0.4976,0.4452,0.3146,0.2476,0.2419
8.19,0.1909,1.624,0.7202,2.062,2.032,1.697,1.471,1.471
8.646,0.2732,1.131,0.1699,0.8445,0.7462,0.5337,0.4242,0.3997
8.309,0.5524,0.8359,0.762,2.181,1.893,1.443,1.182,1.152
8.528,0.425,0.4065,0.6282,2.006,1.626,1.2,0.9583,0.9262
8.787,0.2333,0.4106,0.1254,0.8037,0.671,0.4677,0.3459,0.3316
8.058,0.8597,0.7857,0.1023,0.5496,0.4317,0.2709,0.1916,0.1751
7.227,0.6646,1.727,0.2788,0.7897,0.7092,0.5284,0.4286,0.4345
7.517,0.5462,1.249,0.3556,1.092,0.9408,0.6983,0.577,0.5835
8.47,0.1583,0.1736,0.7593,1.975,1.867,1.505,1.269,1.269
7.974,0.4047,1.21,0.3505,1.356,1.166,0.8753,0.7296,0.7131
7.767,0.6884,1.444,0.6401,1.776,1.566,1.199,0.9857,0.9737
7.728,0.534,0.5534,0.6162,1.624,1.365,1.012,0.8072,0.806
7.989,0.863,0.4032,0.2951,0.8624,0.5895,0.3812,0.2823,0.2626
7.059,0.7648,0.8446,0.6239,1.355,1.096,0.7955,0.6498,0.6429
8.209,0.6449,1.849,0.5821,1.606,1.514,1.18,0.972,0.9659
7.304,0.2846,0.4674,0.455,1.073,0.9612,0.7629,0.6405,0.6554
7.527,0.5946,0.4439,0.6494,1.536,1.215,0.8951,0.7125,0.7003
8.114,0.7771,1.226,0.3632,1.246,1.01,0.7188,0.5683,0.5493
8.148,0.412,0.1786,0.5812,1.404,1.115,0.8058,0.648,0.624
7.257,0.1521,0.5765,0.1122,0.5601,0.4655,0.3313,0.2629,0.2612
7.451,0.6248,1.406,0.4177,1.158,1.004,0.7449,0.6207,0.616
8.92,0.7695,1.738,0.3098,1.376,1.159,0.8468,0.651,0.6241
7.667,0.5578,1.419,0.2044,0.8179,0.6888,0.4795,0.3852,0.3789
8.004,0.7454,1.837,0.4372,1.342,1.16,0.8728,0.7129,0.7094
7.384,0.5193,0.2291,0.7946,1.897,1.367,0.9559,0.7628,0.7632
8.389,0.7183,0.4447,0.7455,2.224,1.593,1.091,0.8512,0.7977
8.304,0.8707,1.345,0.2305,0.9216,0.7508,0.5173,0.3869,0.3679
7.249,0.2446,0.7357,0.3106,0.7692,0.7151,0.5589,0.4712,0.4839
8.898,0.5753,1.414,0.5595,1.819,1.638,1.233,1.036,0.9905
7.854,0.4065,1.424,0.7661,2.014,1.897,1.526,1.318,1.303
7.452,0.2422,0.5273,0.3214,1.01,0.8742,0.6524,0.5473,0.5551
7.087,0.5107,0.5389,0.2722,0.7319,0.5767,0.4011,0.3281,0.3279
8.086,0.6522,0.991,0.3194,1.091,0.9032,0.6495,0.5097,0.5038
8.761,0.3947,0.7646,0.7262,2.133,1.958,1.532,1.286,1.262
8.255,0.196,0.3368,0.6048,1.717,1.616,1.282,1.099,1.084
8.49,0.5721,0.5945,0.6948,1.99,1.665,1.191,0.9574,0.918
8.969,0.2911,0.4342,0.4204,1.459,1.288,0.9751,0.7823,0.7483
8.375,0.4481,0.521,0.6625,2.132,1.832,1.37,1.097,1.077
7.581,0.1832,1.537,0.1885,0.6684,0.6113,0.4721,0.3867,0.3924
8.91,0.5014,1.389,0.1929,0.9475,0.8207,0.5773,0.4464,0.4122
8.641,0.6558,1.551,0.6232,1.955,1.733,1.333,1.074,1.052
7.079,0.5749,0.3866,0.3759,0.8859,0.6701,0.4719,0.3779,0.3785
7.29,0.5698,0.1602,0.7199,1.334,0.9534,0.6504,0.5162,0.5026
7.331,0.8913,1.599,0.3412,0.9096,0.7817,0.5775,0.4573,0.4551
8.313,0.3295,1.051,0.7988,2.256,2.072,1.67,1.408,1.392
8.081,0.681,1.21,0.215,0.8522,0.7217,0.4936,0.3856,0.3701
8.362,0.3706,1.45,0.6296,1.921,1.836,1.462,1.243,1.229
8.157,0.3819,0.5659,0.3618,1.17,1.011,0.7553,0.6086,0.5917
7.578,0.6948,0.3396,0.7358,1.417,1.046,0.7126,0.5587,0.5492
7.198,0.1741,0.1149,0.67,1.571,1.402,1.105,0.9458,0.9471
7.479,0.4291,0.1257,0.7394,1.338,1.034,0.7314,0.5992,0.5889
7.935,0.3796,0.7302,0.1158,0.5295,0.4466,0.2993,0.2272,0.2189
7.392,0.8042,1.808,0.7612,1.769,1.594,1.242,1.024,1.02
8.54,0.7272,1.025,0.7328,2.078,1.755,1.284,1.029,0.9941
7.645,0.3353,0.6744,0.5058,1.462,1.284,0.9748,0.8164,0.8264
7.995,0.2524,1.506,0.7183,1.986,1.959,1.567,1.343,1.348
7.13,0.3911,1.658,0.6363,1.551,1.473,1.201,1.04,1.049
8.211,0.1237,0.4352,0.2101,0.8571,0.7713,0.5755,0.4683,0.4619
8.442,0.3489,1.501,0.1127,0.6897,0.5803,0.4043,0.3108,0.2912
8.81,0.6437,0.5809,0.4434,1.427,1.178,0.8283,0.6422,0.6086
8.694,0.7948,1.553,0.3883,1.577,1.331,0.9381,0.7463,0.7084
7.918,0.2371,0.2517,0.2669,0.8201,0.7209,0.5318,0.4284,0.4199
8.917,0.5683,1.983,0.1627,0.913,0.7919,0.5559,0.428,0.4005
7.295,0.4862,0.9107,0.3015,0.8811,0.7471,0.545,0.4411,0.4463
7.235,0.31,1.451,0.7513,1.638,1.643,1.348,1.188,1.201
8.503,0.6351,0.8201,0.3987,1.218,1.031,0.7371,0.5825,0.5522
8.138,0.6183,1.524,0.2356,0.8902,0.7479,0.5417,0.4329,0.4235
7.898,0.894,1.307,0.4601,1.327,1.092,0.7688,0.606,0.5902
7.013,0.3589,0.2733,0.2018,0.5353,0.4388,0.3082,0.2492,0.2521
7.539,0.1032,0.367,0.5147,1.369,1.303,1.102,0.9571,0.9727
7.597,0.1326,1.976,0.1561,0.6359,0.5712,0.4365,0.3624,0.3576
8.696,0.428,1.473,0.5279,1.873,1.692,1.349,1.123,1.089
8.99,0.8774,1.346,0.6352,1.913,1.668,1.238,0.9637,0.9276
8.315,0.6532,0.4901,0.168,0.6471,0.5042,0.3346,0.2413,0.2269
8.396,0.5179,0.158,0.1238,0.4937,0.375,0.232,0.1622,0.1483
8.712,0.6744,1.364,0.3267,1.481,1.281,0.9092,0.7186,0.6841
7.178,0.6138,0.7317,0.6646,1.665,1.358,0.9912,0.8191,0.8124
8.893,0.8497,0.2827,0.1312,0.5961,0.4503,0.2727,0.1814,0.1577
7.754,0.1603,0.2799,0.1303,0.5734,0.5017,0.3543,0.2804,0.2763
8.608,0.2009,1.733,0.1633,0.7706,0.695,0.5067,0.4076,0.393
7.216,0.5504,0.824,0.7193,1.608,1.372,1.049,0.8811,0.8734
8.391,0.1149,1.176,0.5798,1.813,1.822,1.466,1.282,1.288
8.107,0.1951,1.216,0.3922,1.212,1.163,0.9338,0.7868,0.7892
8.747,0.4169,0.2413,0.3836,1.135,0.8855,0.6306,0.5014,0.4743
7.019,0.1691,1.376,0.7175,1.523,1.549,1.308,1.149,1.18
8.59,0.2061,0.3976,0.2283,1.009,0.8208,0.5972,0.466,0.4565
7.724,0.4399,1.196,0.287,0.9793,0.8524,0.6375,0.5202,0.5147
8.468,0.1274,0.1615,0.3403,1.197,1.067,0.8259,0.682,0.6652
7.454,0.8039,0.8154,0.3358,0.827,0.679,0.4716,0.3673,0.3615
7.132,0.5412,0.4222,0.5036,1.075,0.8683,0.6157,0.5038,0.4963
8.399,0.8449,1.701,0.3165,1.028,0.8752,0.6262,0.4932,0.4674
7.672,0.1547,0.8125,0.1054,0.4381,0.3936,0.2734,0.2157,0.2125
7.282,0.1223,0.4962,0.5882,1.575,1.547,1.307,1.135,1.174
8.52,0.5127,1.039,0.2759,1.032,0.8891,0.6427,0.513,0.4849
8.2,0.7248,0.8096,0.3801,1.146,0.9357,0.6548,0.5144,0.4974
8.571,0.5389,1.798,0.2885,1.085,0.983,0.7318,0.5853,0.5703
7.7,0.5514,1.36,0.7734,1.928,1.721,1.364,1.172,1.163
7.23,0.7526,0.6023,0.6775,1.477,1.14,0.8297,0.663,0.6602
8.53,0.2708,1.854,0.1451,0.8055,0.6953,0.5021,0.3884,0.373
8.031,0.1262,1.682,0.3609,1.243,1.167,0.9393,0.8098,0.8076
8.088,0.3916,1.231,0.6794,1.973,1.804,1.453,1.221,1.211
8.345,0.4745,1.783,0.5856,1.766,1.639,1.286,1.077,1.07
7.861,0.2996,0.8622,0.4366,1.257,1.16,0.8922,0.7514,0.7478
8.062,0.8911,1.633,0.4611,1.388,1.177,0.8464,0.6925,0.6698
8.194,0.8729,1.762,0.2998,1.09,0.919,0.6527,0.5103,0.4927
8.013,0.3382,1.042,0.7154,1.921,1.794,1.418,1.214,1.205
8.92,0.4927,1.059,0.5773,1.787,1.631,1.244,1.023,0.9929
7.126,0.3724,1.628,0.2098,0.6295,0.5687,0.4378,0.3669,0.3703
7.573,0.188,0.1484,0.5632,1.568,1.396,1.109,0.9374,0.9464
7.488,0.3413,1.801,0.5972,1.619,1.526,1.227,1.064,1.074
7.658,0.2934,0.8331,0.7522,1.996,1.927,1.525,1.297,1.297
7.148,0.2944,0.9655,0.5051,1.304,1.24,0.9788,0.8429,0.8536
8.284,0.4967,0.7874,0.7809,2.077,1.822,1.391,1.151,1.137
8.366,0.6566,1.435,0.6855,2.096,1.883,1.44,1.172,1.129
7.75,0.2066,0.8651,0.2031,0.7175,0.6566,0.4864,0.3984,0.4013
8.132,0.6611,0.6501,0.6481,1.805,1.451,1.022,0.8086,0.7899
8.707,0.1659,0.395,0.5082,1.51,1.446,1.151,0.9664,0.9699
7.026,0.1195,0.6139,0.1293,0.4318,0.3821,0.2797,0.2317,0.2339
7.759,0.3715,1.767,0.7305,1.928,1.866,1.52,1.307,1.319
7.749,0.1498,1.167,0.144,0.5922,0.5301,0.3881,0.315,0.3163
8.56,0.1294,1.607,0.1817,0.8039,0.7509,0.5704,0.4641,0.4527
7.571,0.7909,0.4613,0.1219,0.4737,0.3367,0.2102,0.1528,0.1436
7.652,0.64,0.6332,0.153,0.5475,0.4393,0.2891,0.2183,0.2105
7.621,0.3079,0.705,0.6768,1.931,1.698,1.345,1.132,1.152
8.454,0.8755,1.56,0.7633,2.239,1.947,1.454,1.18,1.111
8.35,0.4201,0.1333,0.7222,1.767,1.34,0.9753,0.7775,0.7481
7.009,0.6979,0.1381,0.7564,1.155,0.7355,0.4842,0.372,0.3614
7.981,0.5905,0.4559,0.4678,1.243,1.003,0.7142,0.5638,0.5404
7.531,0.6654,0.9136,0.5548,1.327,1.165,0.8603,0.6975,0.6967
8.433,0.5695,0.2006,0.1228,0.5513,0.417,0.2563,0.1792,0.1639
8.454,0.6035,1.895,0.6683,1.887,1.763,1.429,1.219,1.194
7.882,0.3621,0.4368,0.2793,0.9284,0.7713,0.5378,0.44,0.424
7.319,0.8096,0.7383,0.6217,1.357,1.051,0.7368,0.5952,0.5856
8.956,0.6483,1.855,0.4927,1.736,1.585,1.203,0.9752,0.9391
7.718,0.5887,1.566,0.493,1.342,1.226,0.9359,0.7973,0.7831
8.273,0.8787,0.206,0.2401,0.7566,0.4902,0.289,0.2028,0.1852
7.708,0.1455,0.8753,0.6533,1.838,1.768,1.474,1.286,1.296
7.88,0.7381,1.165,0.3323,1.209,0.9791,0.7037,0.5595,0.5454
7.544,0.3654,1.015,0.1368,0.5743,0.4952,0.3509,0.2795,0.2752
8.613,0.8141,1.85,0.3491,1.356,1.138,0.8311,0.6532,0.6237
7.294,0.6408,1.72,0.4258,1.213,1.071,0.8078,0.6777,0.6815
7.5,0.1373,0.1878,0.7626,1.703,1.669,1.382,1.189,1.211
8.586,0.5285,1.458,0.3962,1.362,1.207,0.9097,0.7432,0.7262
8.124,0.685,1.971,0.5249,1.542,1.437,1.097,0.9064,0.8945
8.984,0.8481,1.38,0.6836,2.168,1.914,1.394,1.118,1.06
7.741,0.5927,1.916,0.5907,1.829,1.661,1.276,1.058,1.065
8.113,0.4383,1.129,0.1387,0.6787,0.5725,0.3976,0.3053,0.2927
8.953,0.4442,1.784,0.1015,0.6268,0.5732,0.3924,0.2955,0.28
8.934,0.2478,1.828,0.596,2.099,2.009,1.613,1.382,1.356
8.38,0.4128,1.904,0.4587,1.373,1.34,1.047,0.8838,0.8656
8.153,0.7282,0.4891,0.1935,0.7284,0.531,0.3437,0.2526,0.239
7.694,0.1314,1.89,0.5142,1.437,1.438,1.196,1.04,1.048
8.628,0.4211,0.7448,0.1922,0.7787,0.6709,0.4712,0.3718,0.3491
7.925,0.8199,1.318,0.6519,1.72,1.48,1.103,0.9107,0.8958
7.81,0.3633,1.455,0.1637,0.6084,0.5476,0.407,0.3226,0.317
7.14,0.192,0.4474,0.1714,0.5312,0.4793,0.3626,0.2926,0.295
7.1,0.3198,0.2605,0.1832,0.537,0.4319,0.3077,0.2442,0.2474
7.46,0.5981,1.794,0.5325,1.409,1.307,1.025,0.8559,0.8577
8.079,0.3206,0.104,0.3945,0.9246,0.7627,0.5418,0.4375,0.4257
8.199,0.4742,1.996,0.2163,0.8969,0.7847,0.5861,0.4682,0.4554
8.267,0.6996,0.7005,0.239,0.9299,0.7336,0.4882,0.3772,0.3524
8.195,0.7796,1.405,0.4516,1.422,1.214,0.8746,0.6963,0.6818
8.779,0.4513,1.909,0.6423,2.015,1.938,1.545,1.284,1.263
7.662,0.6547,1.012,0.4639,1.325,1.108,0.7896,0.6404,0.634
7.543,0.1108,1.217,0.1399,0.552,0.5059,0.3732,0.3116,0.3128
7.523,0.2695,1.368,0.2124,0.7289,0.6694,0.501,0.4127,0.4154
7.12,0.3403,1.986,0.636,1.521,1.429,1.2,1.018,1.062
8.659,0.8537,0.3793,0.3755,1.178,0.8028,0.5134,0.366,0.3384
7.554,0.1128,1.298,0.5678,1.677,1.682,1.365,1.204,1.221
7.614,0.8689,1.73,0.6184,1.759,1.494,1.129,0.921,0.9084
7.786,0.1826,0.2264,0.2957,1.278,1.024,0.7553,0.6081,0.6009
8.739,0.6764,1.285,0.6245,1.994,1.804,1.335,1.09,1.052
7.61,0.8783,0.7077,0.1647,0.5625,0.4053,0.265,0.1938,0.186
7.787,0.3321,0.9822,0.7872,2.164,1.987,1.601,1.37,1.383
7.006,0.4914,1.861,0.6698,1.5,1.413,1.152,0.9901,1.024
8.188,0.563,0.3421,0.7908,2.07,1.609,1.154,0.9093,0.8759
7.881,0.8427,0.1224,0.3671,0.6561,0.4167,0.2513,0.177,0.1642
7.85,0.6693,0.2019,0.4104,1.042,0.7123,0.4661,0.3508,0.3306
7.254,0.8328,0.3558,0.55,1.137,0.7819,0.5028,0.388,0.3825
8.928,0.1508,1.004,0.207,0.9443,0.8613,0.6559,0.5205,0.5103
7.518,0.704,1.363,0.7097,1.752,1.564,1.202,0.9935,0.988
8.043,0.2554,0.715,0.5134,1.502,1.402,1.124,0.947,0.9517
7.98,0.637,1.475,0.6804,2.034,1.798,1.388,1.143,1.108
7.971,0.2108,1.082,0.2454,0.9399,0.8454,0.6367,0.5325,0.5263
7.42,0.8954,1.787,0.611,1.604,1.423,1.056,0.8752,0.8805
7.054,0.1087,0.7892,0.5465,1.361,1.344,1.097,0.9765,1.004
8.474,0.3632,0.7436,0.2746,1.162,0.9882,0.7163,0.5595,0.5432
7.112,0.7562,1.897,0.3064,0.797,0.7007,0.5183,0.4257,0.4271
7.279,0.6311,0.6426,0.7406,1.968,1.525,1.108,0.8873,0.8877
7.056,0.1667,0.4811,0.499,1.209,1.128,0.9102,0.789,0.8027
8.332,0.3318,1.59,0.3448,1.151,1.074,0.8285,0.6849,0.6768
8.514,0.6427,0.6259,0.269,1.002,0.7967,0.5465,0.4106,0.3924
7.959,0.5455,0.1519,0.7337,1.443,1.022,0.704,0.5542,0.5379
8.165,0.7977,1.832,0.7426,2.011,1.828,1.397,1.154,1.131
7.701,0.4374,1.878,0.6484,1.809,1.662,1.343,1.148,1.148
7.815,0.4538,1.618,0.6303,1.996,1.797,1.408,1.176,1.179
8.813,0.1886,1.078,0.4972,1.672,1.573,1.269,1.065,1.061
7.035,0.2835,0.7747,0.2156,0.7054,0.6172,0.4471,0.3695,0.3713
8.661,0.114,0.9721,0.6138,2.118,2.067,1.7,1.431,1.425
8.326,0.2127,1.41,0.3464,1.297,1.209,0.9497,0.7937,0.7809
7.09,0.3994,1.054,0.6105,1.304,1.232,0.9852,0.8576,0.8603
8.235,0.2817,1.958,0.6716,1.939,1.91,1.573,1.38,1.392
7.904,0.7554,1.441,0.3309,1.003,0.8652,0.6293,0.4962,0.4846
8.525,0.3578,1.873,0.6821,2.073,1.966,1.625,1.376,1.374
8.852,0.2962,1.365,0.2615,1.183,1.062,0.7955,0.6493,0.6304
8.169,0.2543,0.5306,0.2315,0.8325,0.736,0.5512,0.444,0.4345
8.484,0.5261,1.515,0.6008,1.833,1.696,1.317,1.087,1.064
7.802,0.6931,0.8711,0.6311,1.634,1.385,0.9978,0.8032,0.7859
7.097,0.165,0.473,0.6986,1.559,1.539,1.26,1.093,1.124
7.928,0.6227,0.5991,0.685,1.8,1.436,1.036,0.8285,0.8124
8.876,0.2597,1.754,0.43,1.58,1.523,1.202,1.022,0.998
7.669,0.8523,1.78,0.5264,1.399,1.211,0.906,0.7364,0.7259
7.163,0.5865,1.416,0.3456,0.9648,0.8334,0.6301,0.5193,0.5186
8.65,0.5216,1.596,0.1877,0.7757,0.701,0.5209,0.4064,0.3872
7.444,0.4847,1.392,0.7453,1.892,1.743,1.395,1.182,1.198
7.344,0.2946,1.881,0.5613,1.445,1.418,1.147,1.015,1.024
8.789,0.8561,1.699,0.1336,0.7848,0.6226,0.4107,0.3092,0.2843
7.014,0.8164,1.337,0.6737,1.632,1.419,1.054,0.8824,0.8726
7.169,0.6069,0.5234,0.4315,1.13,0.8938,0.6142,0.4912,0.4898
7.778,0.3265,0.4048,0.5965,1.434,1.289,1.001,0.8257,0.8309
8.829,0.6023,1.192,0.48,1.735,1.473,1.112,0.887,0.8628
8.601,0.8021,0.3263,0.2137,0.7767,0.5521,0.3446,0.2442,0.2189
8.802,0.471,1.019,0.3233,1.232,1.064,0.7892,0.6339,0.6003
8.619,0.7121,1.562,0.7801,2.47,2.18,1.684,1.357,1.308
7.212,0.5934,1.519,0.1544,0.5007,0.4386,0.3219,0.2576,0.2593
8.179,0.1997,1.267,0.1299,0.5929,0.5367,0.3894,0.3103,0.3018
8.252,0.6096,0.4657,0.4767,1.403,1.124,0.7807,0.6145,0.5826
7.405,0.1394,0.2587,0.7705,1.887,1.82,1.465,1.271,1.312
8.512,0.5207,1.746,0.2331,0.9371,0.833,0.6142,0.4852,0.468
8.143,0.6901,1.575,0.1113,0.6218,0.5164,0.3501,0.2684,0.2489
7.048,0.7856,1.691,0.32,1.255,0.9634,0.6772,0.5486,0.5395
8.726,0.8268,0.1,0.7112,1.318,0.7887,0.4811,0.3391,0.3108
7.805,0.7546,0.2426,0.7161,1.433,0.9866,0.6468,0.4894,0.4755
8.494,0.5022,0.7024,0.6338,1.937,1.639,1.232,1.008,0.9696
7.586,0.3753,0.7624,0.3088,0.9058,0.7973,0.611,0.4963,0.4967
7.662,0.6165,1.246,0.3856,1.161,1,0.7364,0.5966,0.5821
8.574,0.5007,1.053,0.7125,2.044,1.915,1.494,1.236,1.205
8.632,0.5095,0.9791,0.2107,0.8395,0.7021,0.4947,0.3829,0.368
7.963,0.7143,1.796,0.2578,1.121,0.9386,0.6642,0.528,0.5126
7.003,0.4944,1.122,0.7543,1.735,1.564,1.238,1.059,1.085
8.23,0.2641,0.264,0.5224,1.529,1.325,1.002,0.8318,0.8314
7.033,0.1923,1.717,0.121,0.4323,0.3857,0.2865,0.2351,0.239
7.592,0.3141,1.264,0.7149,2.011,1.854,1.476,1.257,1.258
7.066,0.8192,1.77,0.2608,0.7197,0.6263,0.4544,0.374,0.3716
8.783,0.2579,0.2861,0.5574,1.752,1.582,1.189,0.9661,0.9379
